4
1
3
V 1
17
torch.FloatTensor
2
10 128
128 1
1
4
2
3
V 1
18
torch.FloatStorage
1280
0 0 0 0 0 0 0 0 0 0 0 0 0 0 0 0.092068851 0.352064371 0 0 0 0 0 0.114546642 1.54046059 0 0 0 0 0 0 1.11496413 0.437924027 0 0 0 0 0 0 0 0 0 0.315203667 0 0 0.0310589075 0 1.36183059 0 0 0 0 0 0 0 0 0 0 0 0.815534234 0 0 0 0 0 1.35629225 1.07628548 0.695300579 0.119361207 0 0 0.0646292716 0 0 0 0 0 0 0 0.577898443 0 0 0 0 0 0 0 0 0 0 0 0 0 0 0 0 0 0 0.0796743706 0 0 0.278847516 0 0 0 0 0 0 0.753229916 0 0 0.59537375 0 0 0 0 0 0 0 0 0 0 0 0 0 0 0.00919277966 0.806938112 0 0 0 0 0 0 0 0 0 0 0 0 0 0 0 0 0.00249295682 0.0258908719 0 0 0 0 0 0.189361095 0.772979975 0 0 0 0 0 0 0.0943977535 0.230167374 0 0 0 0 0 0.345623583 0 0 0 0 0 0 0 0 0.0282352474 0 0 0 0 0 0 0 0 0 0 0 0.487321138 0 0 0 0 0 0.000903964043 0 0.298401177 0 0 0.844365299 0.431572497 0 0 0 0 0 0 0 0 0 0 0 0 0 0 0 0 0 0 0 0 0 0 0 0 0 0.239839241 0.62222302 0 0 0.13913995 0 1.03273213 0 0 0 0 1.57322788 0 0 0 0 0 0 0 0 0 0 0 0 0 0.143873617 0 0 0 0.881722689 1.14291036 0 0 0 0 0 0 0 0.676945269 0 0 0 0 0 0 0 0 0 0.644298077 0 0 0 0 0 0 0.761596143 0 0 0 0 0 0 0.162801921 0.106356382 0 0 0.0740832537 0 0 0 0 0 0 0.518569708 0 0 0 0 2.69076967 0 0 0 0 0 0 0 0 0 0 0 0.758272529 0 0 0 1.03818119 0 0 0 0.344455123 0 0 0 0 0 0 0 0 1.25798953 0 0 1.03364468 0 0.0521968231 0 0 0 0 0 0 0 0 0 0 0 0 0 0 0.0201196373 0 0 0 0 0 0 0 0 0 0 0 0 0 0 0 0 0 0 0 0 0 0 0 0 0 0.35049811 0 0.0929855555 0 0.884779453 0.549828708 0 0 0 0 0 0 0 0 0 0 0 0.223904699 0 0 0 0 0 0 0 0 0 0 0 0 0 0 0 0 0 0 0 0 0 0 0.557723343 0.248419285 0 0 0 0 0.123449862 0 0.428334445 0 0 0 0 0.00540929101 0 0 0 0 0 0 0 0 0 0 0 0.353753388 0 0.0696071386 0 0 0 0 0 0.0172945857 0 0 0 0 0 0 0 0 1.29893029 0 0 0 0 0.0222794712 0 0 0 0 0 0 0 1.12536585 0 0 0 0 0.072688669 0 2.13593841 0.810555995 0.508069992 0.00430156291 0 0 0 0 0 0 0 0 0 0 0 0 0.593773425 0 0 0 0 0 0 0 0 0 0.550708413 0 1.80976391 0.554892898 0.931134701 0.246280074 0 0 0 0 0 0 0 0 0 0 0 0 0 0 0 0 0 0 0.0537643321 0 0 0 0 0.10292837 0 0 0 0 0 0 0 0.916854262 0.00902083516 0 0 0 0 0 0.010815084 0 0 0 0.224968433 0 0 0 0 0 0 0 0 0 0 0 0 0 0 0 0 0.411015064 0 0 0 0 0 1.37732482 0 0.368140042 0 0 0 0 0 0 0 0 0 0 0 0 0 0 0 0 0 0 0 0 0 0.027923353 0 0 0 0 0.450154543 0 1.03760707 0.392127723 1.09872782 0 0 0 0.725169778 0 0.00379753113 0.0450674891 0 0 0.744870126 0 0 0 0.00441755354 0 0 0 0 0 0 0 0 0 0.0138838179 0 0.824453473 0 0.0555480123 0.503389478 0 0 0 0 0 0 0 0 0 0 0 0 0 0 0 0 0.092068851 0.352064371 0 0 0 0 0 0.114546642 1.54046059 0 0 0 0 0 0 1.11496413 0.437924027 0 0 0 0 0 0 0 0 0 0.315203667 0 0 0.0310589075 0 1.36183059 0 0 0 0 0 0 0 0 0 0 0 0.815534234 0 0 0 0 0 1.35629225 1.07628548 0.695300579 0.119361207 0 0 0.0646292716 0 0 0 0 0 0 0 0.577898443 0 0 0 0 0 0 0 0 0 0 0 0 0 0 0 0 0 0 0.0796743706 0 0 0.278847516 0 0 0 0 0 0 0.753229916 0 0 0.59537375 0 0 0 0 0 0 0 0 0 0 0 0 0 0 0.00919277966 0.806938112 0 0 0 0 0 0 0 0.656433523 0 0 0 0 0 0.188033059 0 0 0.854358256 0 0 0 0 0 0.523784935 0 0.751778603 0 0 0 0.27183044 0 0 0.196695358 0.383381844 0 0 0 0 0 0.0601148456 0 0 0 0.0813735574 0 0 1.29169595 0 0.00524809398 0 0 0 0 0 0 0 0 0 0 0 0.69150728 0 0 0.334517598 0 0 0 0 1.11652029 0.537299871 0 0 0.0121469852 0 0 0 0 0 0 0 0.270404011 0 0 0 0 0 0 0 0 0 0 0 0 0 0.00986008346 0 0 0 0 0 0 0 0 0 0 0 0.727098644 0 0 0 0 0 0.0379994884 0 0 0 0.23971346 0 0 0 0 0 0 0 0 0 0 0 0.949590683 0 0 0 0 0 0 0 0 0 0 0.12219274 0 0 0.0335001871 0 0 0.764782369 0 0 0 0 0 0.279441446 0 0 0.73657608 0 0.31920138 0.489316583 0 0 0 0.175625235 0 0 0 0 0.534789026 0.564458191 0 0.129927456 0 0 0 0 0.0226611793 0 0 0 0 0 0 0 0 0 0 0 0 0 0.363294184 0 0.747954011 0 0 0 0 0 0.719620824 0.175921887 0 0 0.37909019 0 0 0 0 0 0 0 0 0 0 0 0 0 0 0 0 0 0 0 0 0 1.17816758 0.450901806 1.11033654 0 0.704901695 0.0619262606 0.13136214 0 0 0.733047068 0 0 0.0270174146 0 0 0.789353669 0 0 0 0 0 0 0 0 0 0 0 0 0 0 0 0 0 0.00181080401 1.28556299 0 0 0 0 0 0 0 0 0 0 0 0 0 0.303250968 0 0 0.688443601 0 0 0 0 0 0.226089805 0 0 0 0 0 0 0 0 1.01915181 0.16223532 0 0 0 0 0 0 0 0 0 0.44556272 0 0 0.00962470472 0 0 0 0 0 0 0 0 0 0 0 0 0 0.615201235 0 0 0 0 0 1.3698976 0 1.18625903 0.507601321 0 0 0 0 0.900694609 0 0 0 0 0 0 0 0 0 0 0 0 0 0 0 0 0 0 0 0 0.434792548 0 0 0.0247984566 0 0 0 0 0.798341036 0 0.00432983041 1.55727291 0 0 0 0 0 0 0.027561307 1.10552907 0 0 0 0 0 0 0 0 0 0 0 0 0 0.310069799 0 0 0 0 0 0 0 0.656433523 0 0 0 0 0 0.188033059 0 0 0.854358256 0 0 0 0 0 0.523784935 0 0.751778603 0 0 0 0.27183044 0 0 0.196695358 0.383381844 0 0 0 0 0 0.0601148456 0 0 0 0.0813735574 0 0 1.29169595 0 0.00524809398 0 0 0 0 0 0 0 0 0 0 0 0.69150728 0 0 0.334517598 0 0 0 0 1.11652029 0.537299871 0 0 0.0121469852 0 0 0 0 0 0 0 0.270404011 0 0 0 0 0 0 0 0 0 0 0 0 0 0.00986008346 0 0 0 0 0 0 0 0 0 0 0 0.727098644 0 0 0 0 0 0.0379994884 0 0 0 0.23971346 0 0 0 0 0 0 0 0 0 0 0 0.949590683 0
